1855,13165,0.8764980027,293,2984,False,19,29
-1,-1,-1,-1,-1,-1,-1,-1
180,1104,0.8598130841,452,376,False,9,307
7,2077,0.9966410749,614,1377,False,20,1766
130,126114,0.9989702481,1088,4247,False,10,19872
301,349,0.5369230769,23,208,False,11,3425
165,644,0.7960444994,233,1682,False,15,602
460,2646,0.8518995493,801,399,False,9,3535
247,5418,0.9563989409,230,263,False,9,6928
598846,1743179,0.7443041812,6836,3611,False,12,429
-1,-1,-1,-1,-1,-1,-1,-1
1717,3827,0.6902958153,305,1972,False,20,0
71,145961,0.9995138052,402,606,False,15,148925
3,7558,0.9996032271,5,67,False,19,5068
4976,5237,0.5127778322,7247,8823,False,11,5013
485,2188,0.8185559297,788,5442,False,20,39
194,11757,0.9837670488,317,340,False,7,22032
820,12485,0.9383690342,2956,3325,False,4,22839
1,3218,0.9996893445,0,1,False,0,0
223,213,0.4885321101,19,125,False,11,2644
22,1461,0.9851652057,0,2,False,0,0
215,7502,0.9721394324,974,1082,False,11,15822
4407,37513,0.8948711832,9260,8008,False,19,135
42,493,0.9214953271,30,161,False,20,289
8,121779,0.9999343115,1,2436,True,19,86
22,2584,0.9915579432,2728,1467,False,11,14946
87,6758,0.9872899927,1904,2070,False,11,8253
1801,9914,0.8462654716,1344,1907,False,15,2775
2497,70277,0.9656882953,290224,271692,False,0,89
685,5384,0.8871313231,606,404,False,10,16535
2,10954,0.9998174516,0,320,False,20,3
5348,5097,0.4879846817,394,529,False,0,12009
17,20805,0.9991835559,355,20231,False,13,1013
34,17232,0.9980308120,1151,2618,False,14,6822
2514,5023,0.6664455354,2028,2278,False,10,17333
240,14413,0.9836211015,2,9626,False,20,3
8928,18398,0.6732781966,5153,22736,False,13,2726
5490,6933,0.5580777590,6640,539,False,11,5697
320,874,0.7319932998,550,569,False,17,9408
4423,3804,0.4623799684,578,342,False,11,6041
72,33,0.3142857143,0,15,False,15,0
0,146,1.0000000000,0,3,False,3,0
138,2013,0.9358437936,107,415,False,8,1593
581,8984,0.9392577104,414,405,False,9,1602
1903,4567,0.7058732612,193,1949,False,14,27616
-1,-1,-1,-1,-1,-1,-1,-1
9923,11028,0.5263710563,8252,2812,False,20,118
6,2789,0.9978533095,2,39,False,9,0
284,32959,0.9914568481,143,16900,False,20,4
344,392,0.5326086957,64,54,False,15,42109
2608,3253,0.5550247398,198,301,False,14,10403
486,4828,0.9085434701,254,1090,False,14,11
4,20308,0.9998030721,26,36,False,20,21
38,5052,0.9925343811,3,2041,False,20,0
270,2087,0.8854476029,117,180,False,20,0
828,247919,0.9966713166,922,2041,False,15,3204
18,1186,0.9850498339,0,0,False,0,0
607,17295,0.9660931739,4548,5551,False,16,10330
197,3982,0.9528595358,1951,1971,False,7,24174
2,701,0.9971550498,0,64,False,20,0
214,85983,0.9975173150,1249,7568,False,17,0
-1,-1,-1,-1,-1,-1,-1,-1
112,5126,0.9786177931,136,442,False,18,264220
1307,7174,0.8458908148,30049,60378,False,14,202
212,1814,0.8953603159,342,441,False,19,0
945,3733,0.7979905943,995,1329,False,11,16541
1,1877,0.9994675186,0,0,False,0,0
585,8423,0.9350577265,36,30,False,14,11754
5,946,0.9947423764,65,149,False,18,1
-1,-1,-1,-1,-1,-1,-1,-1
1787,6585,0.7865504061,694,2866,False,7,1074
-1,-1,-1,-1,-1,-1,-1,-1
1494,47,0.0304996755,201,31,False,12,57854
-1,-1,-1,-1,-1,-1,-1,-1
-1,-1,-1,-1,-1,-1,-1,-1
279,7,0.0244755245,12,68,False,10,59495
1299,52,0.0384900074,216,451,False,9,2859
1494,53,0.0342598578,473,485,False,12,5778
757,28,0.0356687898,61,68,False,12,6285
709,29,0.0392953930,180,358,False,11,11484
-1,-1,-1,-1,-1,-1,-1,-1
1437,47,0.0316711590,253,490,False,9,1756
1207,74,0.0577673692,713,1286,False,15,13428
1173,32,0.0265560166,148,483,False,12,60465
203,9,0.0424528302,49,99,False,9,3884
211,90,0.2990033223,137,305,False,14,12393
175,221,0.5580808081,41,25,False,13,4467
534,10,0.0183823529,397,691,False,12,1143
95,12,0.1121495327,2,4,False,4,19
349,20,0.0542005420,86,57,False,12,40096
-1,-1,-1,-1,-1,-1,-1,-1
148,10,0.0632911392,130,117,False,10,6883
-1,-1,-1,-1,-1,-1,-1,-1
554,15,0.0263620387,155,28,False,17,5280
1341,150,0.1006036217,98,382,False,14,2088
49,3,0.0576923077,199,272,False,8,13409
-1,-1,-1,-1,-1,-1,-1,-1
232,5,0.0210970464,81,100,False,14,32639
2503,297,0.1060714286,7351,12629,False,12,1894
-1,-1,-1,-1,-1,-1,-1,-1
414,12,0.0281690141,315,0,False,0,0
4989,1356,0.2137115839,4658,6842,False,6,715
0,90,1.0000000000,879,2323,False,12,11193
317,234,0.4246823956,45,129,False,16,544
315,10,0.0307692308,163,356,False,11,4942
755,1558,0.6735840899,393,486,False,14,8602
982,3367668,0.9997084886,1,118,False,2,426692
6,4066,0.9985265226,3,9,False,7,3322
13,3283,0.9960558252,32,66,False,12,38262
51,3609,0.9860655738,116,158,False,17,53
4610,6342,0.5790723156,518,695,False,11,7723
146,7325,0.9804577700,3783,7764,False,13,3414
83,5144,0.9841209107,18,10,False,10,265
4947,5601,0.5310011377,716,372,False,6,4695
8,2255,0.9964648696,40,47,False,20,1
460,2766,0.8574085555,278,874,False,11,2401
2,3900,0.9994874423,2,80,False,20,0
175,1823,0.9124124124,114,123,False,15,26
224,7240,0.9699892819,2167,138,False,18,3
33,1552,0.9791798107,18,287,False,20,1
4063,5650,0.5816946361,380,712,False,10,6087
234,2070,0.8984375000,209,87,False,7,30343
483,1548,0.7621861152,301,692,False,20,54
265,5312,0.9524834140,293,356,False,6,30048
127,5538,0.9775816417,1768,1969,False,11,15082
332,2911,0.8976256553,101,131,False,11,21119
50,1252,0.9615975422,25,9,False,3,682
80,26,0.2452830189,212,355,False,12,206
172,16283,0.9895472501,141,7022,False,13,0
323,5515,0.9446728332,53,127,False,19,5475
8300,10126,0.5495495495,7287,2159,False,8,5286
96,638,0.8692098093,4,4,False,2,1
99,420,0.8092485549,733,1152,False,9,76
33,12774,0.9974232841,1123,4070,False,19,84
217,2720,0.9261150834,166,176,False,20,4
429,2884,0.8705101117,778,1239,False,5,4690
600,3033,0.8348472337,38,533,False,20,5
4964,5028,0.5032025620,1849,2955,False,11,8831
477,79,0.1420863309,21,4,False,3,27
3020,1773,0.3699144586,463,643,False,13,23557
222,2655,0.9228362878,322,606,False,14,4938
116,12059,0.9904722793,1396,3517,False,15,11351
972,2506,0.7205290397,31,157,False,18,21
492,1089,0.6888045541,5,4,False,1,407
-1,-1,-1,-1,-1,-1,-1,-1
72,1367,0.9499652536,0,249,False,15,5287
673,2711,0.8011229314,914,1015,False,18,11
1236,1174,0.4871369295,212,430,False,18,9
4,516,0.9923076923,1,20,False,18,2
74,150,0.6696428571,65,71,False,20,43
1855,13165,0.8764980027,293,2984,False,19,29
-1,-1,-1,-1,-1,-1,-1,-1
180,1105,0.8599221790,452,376,False,9,308
7,2077,0.9966410749,614,1377,False,20,1772
130,126144,0.9989704927,1088,4247,False,10,19890
301,349,0.5369230769,23,208,False,11,3425
165,644,0.7960444994,233,1682,False,15,602
460,2647,0.8519472160,801,399,False,9,3535
247,5426,0.9564604266,230,263,False,9,6928
598846,1743193,0.7443057097,6837,3611,False,12,429
-1,-1,-1,-1,-1,-1,-1,-1
1717,3829,0.6904075009,305,1972,False,20,0
71,145967,0.9995138252,404,608,False,15,149446
3,7559,0.9996032796,5,67,False,19,5068
4975,5242,0.5130664579,7247,8823,False,11,5195
485,2189,0.8186237846,788,5443,False,20,32
194,11761,0.9837724801,317,340,False,7,22040
820,12484,0.9383644017,2956,3325,False,4,23156
1,3241,0.9996915484,0,1,False,0,0
223,213,0.4885321101,19,125,False,11,2645
22,1461,0.9851652057,0,2,False,0,0
215,7505,0.9721502591,974,1082,False,11,16904
4407,37513,0.8948711832,9261,8009,False,18,182
42,500,0.9225092251,30,161,False,20,289
8,121793,0.9999343191,1,2436,True,19,86
22,2584,0.9915579432,2728,1467,False,11,14946
87,6757,0.9872881356,1904,2070,False,11,8364
1801,9920,0.8463441686,1351,1914,False,13,14193
2497,70288,0.9656934808,290238,271713,False,1,171
685,5387,0.8871870883,606,404,False,10,16980
2,10956,0.9998174849,0,320,False,20,3
5348,5106,0.4884254831,394,529,False,0,12440
17,20808,0.9991836735,355,20231,False,13,1013
34,17232,0.9980308120,1151,2618,False,14,6821
2514,5023,0.6664455354,2028,2278,False,10,18055
240,14413,0.9836211015,2,9626,False,20,3
8928,18397,0.6732662397,5153,22736,False,13,2892
5490,6946,0.5585397234,6640,539,False,11,5701
320,874,0.7319932998,550,569,False,17,9410
4424,3819,0.4633021958,579,343,False,10,6289
72,33,0.3142857143,0,15,False,15,0
0,146,1.0000000000,0,3,False,3,0
138,2012,0.9358139535,107,415,False,8,1593
581,8985,0.9392640602,414,405,False,9,1604
1903,4567,0.7058732612,193,1949,False,14,27616
-1,-1,-1,-1,-1,-1,-1,-1
9923,11029,0.5263936617,8252,2812,False,20,118
6,2812,0.9978708304,2,39,False,9,0
284,32960,0.9914571050,143,16900,False,20,4
344,397,0.5357624831,64,54,False,15,42126
2609,3274,0.5565187829,198,302,False,13,10242
486,4827,0.9085262564,254,1090,False,14,11
4,20336,0.9998033432,26,36,False,20,21
38,5055,0.9925387787,3,2041,False,20,0
270,2084,0.8853016143,117,181,False,20,0
828,247916,0.9966712765,922,2041,False,15,3204
18,1186,0.9850498339,0,0,False,0,0
607,17297,0.9660969616,4548,5551,False,16,10340
197,3998,0.9530393325,1951,1971,False,7,24402
2,701,0.9971550498,0,64,False,20,0
214,85986,0.9975174014,1249,7568,False,17,0
-1,-1,-1,-1,-1,-1,-1,-1
112,5126,0.9786177931,136,442,False,18,267970
1307,7176,0.8459271484,30049,60380,False,14,211
212,1814,0.8953603159,342,441,False,19,0
945,3735,0.7980769231,995,1329,False,11,16671
1,1879,0.9994680851,0,0,False,0,0
585,8425,0.9350721421,36,30,False,14,11755
5,946,0.9947423764,65,149,False,18,1
-1,-1,-1,-1,-1,-1,-1,-1
1787,6589,0.7866523400,694,2866,False,7,1074
-1,-1,-1,-1,-1,-1,-1,-1
1494,47,0.0304996755,201,31,False,12,57865
-1,-1,-1,-1,-1,-1,-1,-1
-1,-1,-1,-1,-1,-1,-1,-1
279,7,0.0244755245,12,68,False,10,59495
1299,52,0.0384900074,216,451,False,9,2893
1508,53,0.0339525945,481,499,False,11,3379
757,28,0.0356687898,61,68,False,12,6285
709,29,0.0392953930,180,358,False,11,11515
-1,-1,-1,-1,-1,-1,-1,-1
1437,47,0.0316711590,253,490,False,9,1756
1207,74,0.0577673692,713,1286,False,15,13434
1208,32,0.0258064516,148,483,False,12,60492
203,9,0.0424528302,49,99,False,9,3884
211,90,0.2990033223,137,305,False,14,12406
175,221,0.5580808081,41,25,False,13,4467
534,10,0.0183823529,397,691,False,12,1143
95,12,0.1121495327,2,4,False,4,19
349,20,0.0542005420,86,57,False,12,40115
-1,-1,-1,-1,-1,-1,-1,-1
148,10,0.0632911392,130,117,False,10,6894
-1,-1,-1,-1,-1,-1,-1,-1
554,15,0.0263620387,155,28,False,17,5333
1341,150,0.1006036217,98,382,False,14,2088
49,3,0.0576923077,199,272,False,8,13457
-1,-1,-1,-1,-1,-1,-1,-1
232,5,0.0210970464,81,100,False,14,32639
2503,297,0.1060714286,7351,12629,False,12,1992
-1,-1,-1,-1,-1,-1,-1,-1
414,12,0.0281690141,315,0,False,0,0
4989,1356,0.2137115839,4658,6842,False,6,723
0,90,1.0000000000,879,2323,False,12,11215
317,234,0.4246823956,45,129,False,16,544
315,10,0.0307692308,163,356,False,11,4947
755,1558,0.6735840899,393,486,False,14,8602
982,3367632,0.9997084854,1,118,False,2,426712
6,4114,0.9985436893,3,9,False,7,3322
13,3286,0.9960594119,32,66,False,12,38270
51,3609,0.9860655738,116,158,False,17,53
4610,6345,0.5791875856,518,695,False,11,7724
146,7326,0.9804603854,3783,7764,False,13,3556
83,5142,0.9841148325,19,10,False,10,265
4947,5606,0.5312233488,716,372,False,6,4695
8,2255,0.9964648696,45,47,False,20,1
460,2766,0.8574085555,278,874,False,11,2536
2,3900,0.9994874423,2,80,False,20,0
175,1828,0.9126310534,114,123,False,15,26
224,7242,0.9699973212,2167,138,False,18,3
33,1552,0.9791798107,18,287,False,20,1
4063,5656,0.5819528758,380,712,False,10,6111
234,2077,0.8987451320,209,87,False,7,31299
483,1547,0.7620689655,301,692,False,20,54
265,5316,0.9525174700,293,356,False,6,30087
127,5543,0.9776014109,1768,1969,False,11,15237
332,2910,0.8975940777,101,131,False,11,21129
50,1251,0.9615680246,25,9,False,3,682
80,26,0.2452830189,212,355,False,12,206
172,16289,0.9895510601,141,7023,False,13,0
323,5516,0.9446823086,53,127,False,19,5476
8300,10127,0.5495739947,7287,2159,False,8,5378
96,638,0.8692098093,4,4,False,2,1
99,420,0.8092485549,733,1152,False,9,84
33,12784,0.9974252945,1123,4070,False,19,84
217,2731,0.9263907734,166,176,False,20,4
429,2883,0.8704710145,778,1239,False,5,4690
600,3033,0.8348472337,38,533,False,20,5
4964,5037,0.5036496350,1857,2964,False,12,14551
477,79,0.1420863309,21,4,False,3,27
3040,1779,0.3691637269,463,643,False,13,24069
222,2655,0.9228362878,322,606,False,14,5098
116,12063,0.9904754085,1397,3517,False,15,11360
972,2509,0.7207698937,31,157,False,18,21
492,1091,0.6891977258,5,4,False,1,407
-1,-1,-1,-1,-1,-1,-1,-1
72,1377,0.9503105590,0,249,False,15,5288
673,2715,0.8013577332,914,1015,False,18,11
1236,1189,0.4903092784,212,430,False,18,9
4,542,0.9926739927,1,20,False,18,2
74,150,0.6696428571,65,71,False,20,43
1855,13163,0.8764815555,293,2984,False,19,29
-1,-1,-1,-1,-1,-1,-1,-1
180,1104,0.8598130841,452,376,False,9,296
7,2077,0.9966410749,614,1377,False,20,1712
130,126186,0.9989708350,1088,4247,False,10,19897
301,349,0.5369230769,23,208,False,11,3423
165,644,0.7960444994,233,1682,False,15,600
460,2647,0.8519472160,801,399,False,9,3536
247,5432,0.9565064272,230,263,False,9,6928
598839,1743196,0.7443082618,6837,3611,False,12,430
-1,-1,-1,-1,-1,-1,-1,-1
1714,3825,0.6905578624,305,1973,False,20,0
71,145973,0.9995138451,404,608,False,15,149939
3,7560,0.9996033320,5,67,False,19,5068
4975,5246,0.5132570199,7247,8823,False,11,5419
485,2196,0.8190973517,788,5443,False,20,32
194,11765,0.9837779079,317,340,False,7,22034
820,12483,0.9383597685,2956,3325,False,4,23474
1,3264,0.9996937213,0,1,False,0,0
223,213,0.4885321101,19,126,False,11,2644
22,1460,0.9851551957,0,2,False,0,0
215,7508,0.9721610773,974,1082,False,11,17986
4407,37515,0.8948761987,9261,8009,False,18,183
42,505,0.9232175503,30,161,False,20,290
8,121797,0.9999343213,1,2436,True,19,91
22,2584,0.9915579432,2728,1467,False,11,14946
87,6758,0.9872899927,1904,2070,False,11,8496
1801,9920,0.8463441686,1351,1891,False,13,14533
2497,70310,0.9657038472,290271,271750,False,1,93
685,5390,0.8872427984,606,404,False,10,17453
2,10957,0.9998175016,0,320,False,20,3
5348,5107,0.4884744142,394,529,False,0,12824
17,20810,0.9991837519,355,20231,False,13,1013
34,17232,0.9980308120,1151,2618,False,14,6806
2514,5023,0.6664455354,2028,2278,False,10,18809
240,14412,0.9836199836,2,9626,False,20,3
8928,18395,0.6732423233,5153,22736,False,13,3055
5490,6952,0.5587526121,6640,539,False,11,5706
320,874,0.7319932998,550,569,False,17,9397
4425,3832,0.4640910742,580,344,False,9,10553
72,33,0.3142857143,0,15,False,15,0
0,146,1.0000000000,0,3,False,3,0
138,2012,0.9358139535,107,415,False,8,1593
581,8984,0.9392577104,414,405,False,9,1604
1903,4566,0.7058277941,193,1949,False,14,27616
-1,-1,-1,-1,-1,-1,-1,-1
9922,11026,0.5263509643,8252,2812,False,20,118
6,2829,0.9978835979,2,39,False,9,0
284,32960,0.9914571050,143,16900,False,20,4
344,402,0.5388739946,64,54,False,15,42137
2609,3295,0.5580962060,198,302,False,13,10339
486,4826,0.9085090361,254,1090,False,14,11
4,20369,0.9998036617,26,36,False,20,21
38,5056,0.9925402434,3,2041,False,20,0
270,2083,0.8852528687,117,181,False,20,0
828,247914,0.9966712497,922,2041,False,15,3202
18,1185,0.9850374065,0,0,False,0,0
609,17297,0.9659890539,4548,5551,False,16,10360
197,4004,0.9531064032,1951,1971,False,7,24658
2,701,0.9971550498,0,64,False,20,0
214,85988,0.9975174590,1249,7568,False,17,0
-1,-1,-1,-1,-1,-1,-1,-1
112,5131,0.9786381842,136,442,False,18,271983
1307,7176,0.8459271484,30049,60382,False,14,282
212,1816,0.8954635108,342,441,False,19,0
945,3737,0.7981631781,995,1329,False,11,16814
1,1881,0.9994686504,0,0,False,0,0
585,8427,0.9350865513,36,30,False,14,11757
5,946,0.9947423764,65,149,False,18,1
-1,-1,-1,-1,-1,-1,-1,-1
1787,6595,0.7868050585,694,2866,False,7,1074
-1,-1,-1,-1,-1,-1,-1,-1
1506,47,0.0302640052,201,31,False,12,57852
-1,-1,-1,-1,-1,-1,-1,-1
-1,-1,-1,-1,-1,-1,-1,-1
279,7,0.0244755245,12,68,False,10,59458
1299,52,0.0384900074,216,451,False,9,2891
1508,53,0.0339525945,481,505,False,14,2996
757,28,0.0356687898,61,68,False,12,6247
709,29,0.0392953930,180,358,False,11,11453
-1,-1,-1,-1,-1,-1,-1,-1
1436,47,0.0316925152,253,490,False,9,1733
1207,74,0.0577673692,713,1286,False,15,13370
1208,32,0.0258064516,148,483,False,12,60425
203,9,0.0424528302,49,99,False,9,3816
211,90,0.2990033223,137,305,False,14,12332
175,221,0.5580808081,41,25,False,13,4468
534,10,0.0183823529,397,691,False,12,1108
95,12,0.1121495327,2,4,False,4,19
349,20,0.0542005420,86,57,False,12,40048
-1,-1,-1,-1,-1,-1,-1,-1
148,10,0.0632911392,130,117,False,10,6905
-1,-1,-1,-1,-1,-1,-1,-1
587,16,0.0265339967,169,28,False,17,5309
1341,150,0.1006036217,98,382,False,14,2072
49,3,0.0576923077,199,272,False,8,13443
-1,-1,-1,-1,-1,-1,-1,-1
232,5,0.0210970464,81,100,False,14,32599
2503,297,0.1060714286,7351,12629,False,12,2002
-1,-1,-1,-1,-1,-1,-1,-1
422,12,0.0276497696,327,0,False,0,0
4989,1354,0.2134636607,4658,6842,False,6,727
0,90,1.0000000000,879,2323,False,12,11130
317,234,0.4246823956,45,129,False,16,544
315,10,0.0307692308,163,356,False,11,4895
755,1558,0.6735840899,393,486,False,14,8602
982,3367625,0.9997084848,1,118,False,2,426716
6,4158,0.9985590778,3,9,False,7,3314
13,3286,0.9960594119,32,66,False,12,38269
51,3609,0.9860655738,116,158,False,17,53
4610,6348,0.5793027925,518,695,False,11,7725
146,7327,0.9804630001,3783,7764,False,13,3691
83,5140,0.9841087498,19,10,False,10,265
4947,5612,0.5314897244,716,372,False,6,4695
8,2255,0.9964648696,46,48,False,20,1
460,2766,0.8574085555,278,874,False,11,2625
2,3900,0.9994874423,2,80,False,20,0
175,1829,0.9126746507,114,123,False,15,26
224,7243,0.9700013392,2167,138,False,18,3
33,1552,0.9791798107,18,287,False,20,1
4063,5657,0.5819958848,380,712,False,10,6069
234,2080,0.8988764045,209,87,False,7,32183
483,1545,0.7618343195,301,692,False,20,53
265,5318,0.9525344797,293,356,False,6,30126
127,5547,0.9776172013,1768,1969,False,11,15396
332,2910,0.8975940777,101,131,False,11,21153
50,1251,0.9615680246,25,9,False,3,682
80,26,0.2452830189,212,355,False,12,206
172,16294,0.9895542330,141,7024,False,13,0
323,5516,0.9446823086,53,127,False,19,5472
8299,10129,0.5496527024,7287,2159,False,8,5481
96,638,0.8692098093,4,4,False,2,1
99,420,0.8092485549,733,1152,False,9,95
33,12787,0.9974258970,1123,4070,False,19,84
217,2738,0.9265651438,166,176,False,20,4
429,2883,0.8704710145,778,1239,False,5,4690
600,3033,0.8348472337,38,533,False,20,5
4963,5041,0.5038984406,1858,2965,False,12,15564
477,79,0.1420863309,21,4,False,3,24
3051,1799,0.3709278351,463,643,False,13,24583
222,2656,0.9228630994,327,609,False,14,5257
116,12065,0.9904769723,1397,3517,False,15,11367
972,2510,0.7208500862,31,157,False,18,21
492,1100,0.6909547739,5,4,False,1,407
-1,-1,-1,-1,-1,-1,-1,-1
72,1382,0.9504814305,0,249,False,15,5291
673,2718,0.8015334710,914,1015,False,18,11
1236,1209,0.4944785276,212,430,False,18,9
4,566,0.9929824561,1,20,False,18,2
74,150,0.6696428571,65,71,False,20,43
1855,13164,0.8764897796,293,2984,False,19,29
-1,-1,-1,-1,-1,-1,-1,-1
180,1105,0.8599221790,452,376,False,9,293
7,2077,0.9966410749,614,1377,False,20,1757
130,126363,0.9989722751,1088,4247,False,10,20013
301,347,0.5354938272,23,208,False,11,3424
165,644,0.7960444994,233,1682,False,15,599
460,2648,0.8519948520,801,399,False,9,3538
247,5465,0.9567577031,230,263,False,9,6926
598826,1743191,0.7443118474,6842,3615,False,11,273
-1,-1,-1,-1,-1,-1,-1,-1
1714,3821,0.6903342367,305,1976,False,20,0
71,146025,0.9995140182,405,610,False,15,151457
3,7566,0.9996036465,5,67,False,19,5066
4974,5285,0.5151574228,7248,8826,False,11,4294
485,2225,0.8210332103,788,5445,False,20,25
194,11795,0.9838185003,317,340,False,7,22081
820,12481,0.9383505000,2956,3325,False,4,24800
1,3353,0.9997018485,0,1,False,0,0
223,213,0.4885321101,19,126,False,11,2652
22,1460,0.9851551957,0,2,False,0,0
215,7529,0.9722365702,975,1084,False,10,21654
4407,37545,0.8949513730,9261,8009,False,18,187
42,516,0.9247311828,30,161,False,20,290
8,121842,0.9999343455,1,2436,True,19,92
22,2585,0.9915611814,2728,1467,False,11,14947
87,6756,0.9872862779,1914,2080,False,11,7810
1801,9944,0.8466581524,1330,1894,False,11,16554
2497,70358,0.9657264429,290335,271811,False,0,109
686,5415,0.8875594165,621,419,False,10,25796
2,10961,0.9998175682,0,320,False,20,3
5461,5145,0.4851027720,394,529,False,0,15042
17,20836,0.9991847696,355,20231,False,13,1028
34,17242,0.9980319518,1151,2618,False,14,6803
2514,5023,0.6664455354,2041,2296,False,11,10189
240,14437,0.9836478844,2,9656,False,20,0
8927,18393,0.6732430454,5155,22749,False,14,3555
5490,6997,0.5603427565,6640,539,False,11,5719
320,876,0.7324414716,550,569,False,17,9424
4959,3994,0.4461074500,584,347,False,8,16551
72,33,0.3142857143,0,15,False,15,0
0,146,1.0000000000,0,3,False,3,0
138,2012,0.9358139535,107,415,False,8,1591
585,8981,0.9388459126,449,440,False,9,18491
1903,4567,0.7058732612,193,1949,False,14,27613
-1,-1,-1,-1,-1,-1,-1,-1
9925,11033,0.5264338200,8252,2812,False,20,118
6,2921,0.9979501196,2,39,False,9,0
284,32989,0.9914645508,143,16933,False,20,1
344,428,0.5544041451,64,54,False,15,42187
2611,3397,0.5654127830,198,302,False,13,10619
486,4826,0.9085090361,254,1091,False,14,11
4,20506,0.9998049732,26,36,False,20,21
38,5071,0.9925621452,3,2042,False,20,0
270,2082,0.8852040816,117,181,False,20,0
828,247905,0.9966711293,922,2041,False,15,3199
18,1183,0.9850124896,0,0,False,0,0
609,17317,0.9660269999,4555,5560,False,14,10841
197,4043,0.9535377358,1976,2000,False,9,13878
2,701,0.9971550498,0,64,False,20,0
214,85997,0.9975177182,1249,7568,False,17,0
-1,-1,-1,-1,-1,-1,-1,-1
112,5157,0.9787435946,137,453,False,18,885
1307,7174,0.8458908148,30053,60394,False,13,91
212,1819,0.8956179222,342,441,False,19,0
945,3748,0.7986362668,1005,1342,False,14,8714
1,1892,0.9994717380,0,0,False,0,0
585,8439,0.9351728723,36,30,False,14,11769
5,946,0.9947423764,65,151,False,18,66
-1,-1,-1,-1,-1,-1,-1,-1
1787,6617,0.7873631604,694,2866,False,7,1075
-1,-1,-1,-1,-1,-1,-1,-1
1506,46,0.0296391753,201,31,False,12,57929
-1,-1,-1,-1,-1,-1,-1,-1
-1,-1,-1,-1,-1,-1,-1,-1
279,7,0.0244755245,12,68,False,10,59456
1299,52,0.0384900074,216,451,False,9,2982
1508,54,0.0345710627,481,505,False,14,3679
757,28,0.0356687898,61,68,False,12,6244
709,29,0.0392953930,180,358,False,11,11625
-1,-1,-1,-1,-1,-1,-1,-1
1436,48,0.0323450135,253,490,False,9,1734
1207,75,0.0585023401,713,1286,False,15,13392
1212,32,0.0257234727,147,483,False,12,60538
203,9,0.0424528302,49,99,False,9,3806
211,89,0.2966666667,137,305,False,14,12375
175,221,0.5580808081,41,25,False,13,4469
534,10,0.0183823529,397,691,False,12,1090
95,12,0.1121495327,2,4,False,4,19
349,20,0.0542005420,86,57,False,12,40081
-1,-1,-1,-1,-1,-1,-1,-1
148,10,0.0632911392,130,117,False,11,7384
-1,-1,-1,-1,-1,-1,-1,-1
591,16,0.0263591433,173,34,False,16,8451
1341,150,0.1006036217,98,382,False,14,2069
49,3,0.0576923077,199,272,False,8,13654
-1,-1,-1,-1,-1,-1,-1,-1
232,5,0.0210970464,81,100,False,14,32606
2503,298,0.1063905748,7349,12628,False,12,2293
-1,-1,-1,-1,-1,-1,-1,-1
422,12,0.0276497696,327,0,False,0,0
4989,1353,0.2133396405,4658,6841,False,6,736
0,90,1.0000000000,879,2323,False,12,11217
318,234,0.4239130435,45,130,False,17,544
313,10,0.0309597523,163,371,False,12,7124
755,1558,0.6735840899,393,486,False,14,8610
982,3367460,0.9997084706,1,118,False,2,426788
6,4402,0.9986388385,3,9,False,7,3387
13,3286,0.9960594119,32,66,False,12,38290
51,3612,0.9860769861,116,158,False,17,53
4610,6368,0.5800692294,518,695,False,11,7725
146,7349,0.9805203469,3783,7764,False,13,4031
83,5149,0.9841360856,19,10,False,10,266
4947,5640,0.5327288184,716,372,False,6,4695
8,2257,0.9964679912,46,48,False,20,1
460,2767,0.8574527425,278,873,False,11,3145
2,3901,0.9994875737,2,80,False,20,0
175,1814,0.9120160885,114,123,False,15,27
224,7252,0.9700374532,2167,138,False,18,3
33,1552,0.9791798107,18,287,False,20,1
4063,5661,0.5821678322,380,712,False,10,6174
234,2115,0.9003831418,210,88,False,6,34283
483,1553,0.7627701375,301,692,False,20,53
265,5322,0.9525684625,293,356,False,6,30268
127,5580,0.9777466269,1768,1969,False,11,16014
341,2912,0.8951736858,101,131,False,11,21223
50,1253,0.9616270146,25,9,False,3,682
80,26,0.2452830189,212,355,False,12,206
172,16328,0.9895757576,141,7025,False,12,0
324,5522,0.9445774889,53,127,False,19,5487
8299,10156,0.5503115687,7287,2159,False,8,5879
96,642,0.8699186992,4,4,False,2,1
99,421,0.8096153846,737,1154,False,9,83427
33,12828,0.9974341031,1123,4070,False,19,84
217,2776,0.9274974942,166,176,False,20,4
429,2885,0.8705491853,778,1239,False,5,4688
600,3034,0.8348926802,38,533,False,20,5
4963,5076,0.5056280506,1859,2969,False,12,13211
477,79,0.1420863309,21,4,False,3,24
3051,1802,0.3713167113,463,643,False,13,26840
222,2658,0.9229166667,336,616,False,15,7279
116,12083,0.9904910239,1399,3517,False,15,11391
972,2508,0.7206896552,31,157,False,18,21
492,1132,0.6970443350,5,4,False,1,407
-1,-1,-1,-1,-1,-1,-1,-1
72,1424,0.9518716578,0,249,False,15,5298
674,2727,0.8018229932,914,1015,False,18,11
1236,1289,0.5104950495,212,430,False,18,9
4,659,0.9939668175,1,20,False,18,2
74,150,0.6696428571,65,71,False,20,43
1855,13146,0.8763415772,295,2985,False,19,28
-1,-1,-1,-1,-1,-1,-1,-1
180,1105,0.8599221790,452,376,False,9,293
7,2077,0.9966410749,614,1377,False,20,1769
130,126498,0.9989733708,1088,4247,False,10,20070
301,347,0.5354938272,23,208,False,11,3424
165,644,0.7960444994,233,1682,False,15,600
460,2651,0.8521375763,802,399,False,9,3540
247,5481,0.9568784916,230,263,False,9,6916
598831,1743185,0.7443096034,6842,3615,False,11,274
-1,-1,-1,-1,-1,-1,-1,-1
1717,3822,0.6900162484,305,1980,False,20,3198
71,146058,0.9995141279,409,610,False,15,152275
3,7565,0.9996035941,5,67,False,19,5049
4976,5299,0.5157177616,7248,8826,False,11,4691
485,2238,0.8218876239,788,5445,False,20,25
194,11811,0.9838400666,317,340,False,7,22076
822,12484,0.9382233579,2961,3330,False,6,29003
1,3377,0.9997039668,0,1,False,0,0
223,213,0.4885321101,19,126,False,11,2653
22,1461,0.9851652057,0,2,False,0,0
215,7529,0.9722365702,974,1084,False,10,23333
4407,37555,0.8949764072,9261,8009,False,18,187
42,521,0.9253996448,30,161,False,20,290
8,121855,0.9999343525,1,2436,True,19,92
22,2585,0.9915611814,2728,1467,False,11,14950
87,6759,0.9872918493,1914,2080,False,11,8371
1802,9956,0.8467426433,1332,1896,False,11,17604
2497,70371,0.9657325575,290358,271811,False,0,124
686,5425,0.8877434135,624,423,False,12,21920
2,10968,0.9998176846,0,320,False,20,3
5462,5163,0.4859294118,394,529,False,0,16725
17,20847,0.9991851994,355,20231,False,13,1028
34,17255,0.9980334317,1162,2630,False,6,13104
2514,5026,0.6665782493,2041,2291,False,11,11495
240,14458,0.9836712478,2,9670,False,20,1
8928,18431,0.6736722833,5155,22753,False,13,6878
5489,7009,0.5608097296,6640,539,False,11,5726
320,881,0.7335553705,550,569,False,17,9430
4963,4127,0.4540154015,583,347,False,8,16638
72,33,0.3142857143,0,15,False,15,0
0,146,1.0000000000,0,3,False,3,0
138,2011,0.9357840856,107,415,False,8,1591
585,8982,0.9388523048,449,440,False,9,20318
1903,4570,0.7060095782,193,1949,False,14,27613
-1,-1,-1,-1,-1,-1,-1,-1
9938,11044,0.5263559241,8263,2815,False,20,116
6,2945,0.9979667909,2,39,False,9,0
284,33028,0.9914745437,143,16950,False,19,10
344,435,0.5584082157,64,54,False,13,40559
2610,3433,0.5680953169,198,302,False,13,10761
486,4826,0.9085090361,254,1091,False,14,11
4,20617,0.9998060230,26,36,False,20,21
38,5072,0.9925636008,3,2042,False,20,0
272,2082,0.8844519966,118,181,False,20,0
828,247910,0.9966711962,922,2041,False,15,3199
18,1182,0.9850000000,0,0,False,0,0
609,17322,0.9660364731,4555,5560,False,14,10859
197,4054,0.9536579628,1976,2000,False,9,15886
2,702,0.9971590909,0,64,False,20,0
214,86005,0.9975179485,1249,7568,False,17,0
-1,-1,-1,-1,-1,-1,-1,-1
112,5163,0.9787677725,137,453,False,18,974
1307,7173,0.8458726415,30053,60394,False,13,99
212,1819,0.8956179222,342,440,False,19,0
944,3750,0.7988922028,1005,1342,False,14,9230
1,1896,0.9994728519,0,0,False,0,0
585,8448,0.9352374626,36,30,False,14,11769
5,949,0.9947589099,65,151,False,18,73
-1,-1,-1,-1,-1,-1,-1,-1
1787,6618,0.7873884593,694,2866,False,7,1076
-1,-1,-1,-1,-1,-1,-1,-1
1508,47,0.0302250804,201,31,False,12,57954
-1,-1,-1,-1,-1,-1,-1,-1
-1,-1,-1,-1,-1,-1,-1,-1
279,7,0.0244755245,12,68,False,10,59461
1300,52,0.0384615385,216,450,False,9,2978
1509,54,0.0345489443,481,505,False,14,3757
758,28,0.0356234097,61,68,False,12,6245
710,29,0.0392422192,180,358,False,11,11648
-1,-1,-1,-1,-1,-1,-1,-1
1436,48,0.0323450135,253,490,False,9,1738
1207,75,0.0585023401,713,1286,False,15,13407
1213,32,0.0257028112,147,483,False,12,60571
203,9,0.0424528302,49,99,False,9,3807
211,89,0.2966666667,137,305,False,14,12371
175,221,0.5580808081,41,25,False,13,4469
535,10,0.0183486239,397,691,False,12,1110
95,12,0.1121495327,2,4,False,4,19
349,20,0.0542005420,86,57,False,12,40099
-1,-1,-1,-1,-1,-1,-1,-1
148,10,0.0632911392,130,117,False,11,7390
-1,-1,-1,-1,-1,-1,-1,-1
591,17,0.0279605263,173,34,False,16,8526
1341,150,0.1006036217,98,382,False,14,2071
49,3,0.0576923077,199,272,False,8,13668
-1,-1,-1,-1,-1,-1,-1,-1
233,5,0.0210084034,81,100,False,14,32610
2505,297,0.1059957173,7389,12640,False,7,2603
-1,-1,-1,-1,-1,-1,-1,-1
422,12,0.0276497696,327,0,False,0,0
4990,1353,0.2133060066,4658,6841,False,6,711
0,90,1.0000000000,879,2323,False,12,11225
318,234,0.4239130435,45,130,False,17,544
313,10,0.0309597523,163,371,False,12,7356
755,1558,0.6735840899,393,486,False,14,8611
987,3367416,0.9997069828,1,118,False,2,426820
6,4543,0.9986810288,3,9,False,7,3417
13,3289,0.9960629921,32,66,False,12,38296
51,3612,0.9860769861,116,158,False,17,53
4610,6378,0.5804514015,518,695,False,11,7710
146,7357,0.9805411169,3783,7764,False,13,4185
83,5161,0.9841723875,19,10,False,10,266
4947,5653,0.5333018868,716,372,False,6,4688
8,2259,0.9964711072,46,48,False,20,1
460,2774,0.8577612863,278,873,False,11,3209
2,3902,0.9994877049,2,80,False,20,0
175,1927,0.9167459562,114,123,False,15,27
225,7263,0.9699519231,2167,138,False,18,3
33,1552,0.9791798107,18,287,False,20,1
4063,5661,0.5821678322,380,712,False,10,6192
234,2124,0.9007633588,210,88,False,6,35989
483,1553,0.7627701375,300,692,False,20,53
265,5326,0.9526023967,293,356,False,6,30307
127,5592,0.9777933205,1768,1969,False,11,16283
341,2913,0.8952059004,101,131,False,11,21231
50,1254,0.9616564417,25,9,False,3,682
80,26,0.2452830189,212,355,False,12,206
172,16343,0.9895852256,141,7025,False,12,0
323,5525,0.9447674419,53,127,False,19,5488
8302,10171,0.5505873437,7287,2160,False,9,6025
96,638,0.8692098093,4,4,False,2,1
99,422,0.8099808061,739,1155,False,10,90210
33,12835,0.9974354989,1123,4070,False,19,84
217,2791,0.9278590426,166,176,False,20,4
429,2888,0.8706662647,778,1240,False,5,4837
600,3034,0.8348926802,38,533,False,20,5
4965,5100,0.5067064083,1859,2969,False,12,14157
477,80,0.1436265709,21,4,False,3,24
3054,1802,0.3710873147,463,643,False,13,27841
222,2662,0.9230235784,336,616,False,15,7619
116,12095,0.9905003685,1401,3520,False,17,11336
972,2507,0.7206093705,31,157,False,18,21
492,1141,0.6987140233,5,4,False,1,406
-1,-1,-1,-1,-1,-1,-1,-1
72,1443,0.9524752475,0,249,False,15,5299
674,2741,0.8026354319,914,1015,False,18,11
1236,1316,0.5156739812,212,433,False,18,9
4,691,0.9942446043,1,20,False,18,2
74,150,0.6696428571,65,71,False,20,43
1851,13145,0.8765670846,295,2988,False,20,29
-1,-1,-1,-1,-1,-1,-1,-1
180,1104,0.8598130841,452,376,False,9,293
7,2076,0.9966394623,614,1377,False,20,1764
130,126604,0.9989742295,1088,4247,False,10,20097
301,347,0.5354938272,23,208,False,11,3424
165,644,0.7960444994,233,1682,False,15,597
460,2652,0.8521850900,802,399,False,9,3542
247,5481,0.9568784916,230,263,False,9,6912
598807,1743159,0.7443143923,6842,3615,False,11,274
-1,-1,-1,-1,-1,-1,-1,-1
1715,3813,0.6897612156,306,1983,False,20,4612
71,146055,0.9995141180,409,610,False,15,152729
3,7563,0.9996034893,5,67,False,19,5049
4976,5298,0.5156706249,7252,8834,False,13,4064
485,2243,0.8222140762,788,5445,False,20,25
194,11805,0.9838319860,317,340,False,7,22085
822,12485,0.9382280003,3010,3382,False,11,17077
1,3401,0.9997060553,0,1,False,0,0
222,213,0.4896551724,19,126,False,11,2657
22,1462,0.9851752022,0,2,False,0,0
215,7526,0.9722258106,974,1084,False,10,23984
4407,37552,0.8949688982,9261,8009,False,18,190
42,523,0.9256637168,30,161,False,20,290
8,121853,0.9999343514,1,2436,True,19,92
22,2585,0.9915611814,2728,1467,False,11,14950
87,6751,0.9872769816,1914,2080,False,11,8654
1802,9949,0.8466513488,1332,1896,False,11,17994
2498,70393,0.9657296511,290428,271848,False,1,376
686,5416,0.8875778433,624,423,False,12,23056
2,10967,0.9998176680,0,320,False,20,3
5462,5162,0.4858810241,394,529,False,0,18019
17,20853,0.9991854336,355,20231,False,13,1028
34,17252,0.9980330904,1162,2630,False,6,13219
2514,5024,0.6664897851,2069,2318,False,11,11611
240,14459,0.9836723587,2,9682,False,20,2
8928,18451,0.6739106615,5155,22757,False,13,11063
5480,7006,0.5611084415,6640,539,False,11,5726
319,877,0.7332775920,550,569,False,17,9440
4964,4210,0.4589056028,597,364,False,11,15219
72,33,0.3142857143,0,15,False,15,0
0,145,1.0000000000,0,3,False,3,0
138,2011,0.9357840856,107,415,False,8,1591
585,8978,0.9388267280,449,440,False,9,21231
1903,4568,0.7059187143,193,1949,False,14,27611
-1,-1,-1,-1,-1,-1,-1,-1
9936,11042,0.5263609496,8266,2815,False,20,116
6,2973,0.9979859013,2,39,False,9,0
284,33033,0.9914758232,143,16962,False,19,14
331,437,0.5690104167,64,54,False,13,40574
2608,3448,0.5693527081,198,302,False,13,10845
486,4825,0.9084918095,254,1091,False,14,11
4,20735,0.9998071267,26,36,False,20,21
38,5067,0.9925563173,3,2042,False,20,0
272,2077,0.8842060451,118,181,False,20,0
828,247901,0.9966710757,922,2041,False,15,3196
18,1176,0.9849246231,0,0,False,0,0
609,17321,0.9660345789,4555,5560,False,14,10868
197,4055,0.9536688617,1976,2000,False,9,16818
2,700,0.9971509972,0,64,False,20,0
214,86001,0.9975178333,1249,7568,False,17,0
-1,-1,-1,-1,-1,-1,-1,-1
112,5159,0.9787516600,137,453,False,18,1090
1307,7170,0.8458180960,30053,60394,False,13,99
212,1815,0.8954119388,342,440,False,19,0
944,3745,0.7986777565,1005,1342,False,14,9451
1,1892,0.9994717380,0,0,False,0,0
585,8446,0.9352231204,36,30,False,14,11768
5,946,0.9947423764,65,151,False,18,75
-1,-1,-1,-1,-1,-1,-1,-1
1787,6622,0.7874895945,694,2866,False,7,1079
-1,-1,-1,-1,-1,-1,-1,-1
1508,47,0.0302250804,201,31,False,12,57954
-1,-1,-1,-1,-1,-1,-1,-1
-1,-1,-1,-1,-1,-1,-1,-1
279,7,0.0244755245,12,68,False,10,59454
1299,52,0.0384900074,216,450,False,9,2973
1509,54,0.0345489443,481,505,False,14,3821
757,28,0.0356687898,61,68,False,12,6237
710,29,0.0392422192,180,358,False,11,11692
-1,-1,-1,-1,-1,-1,-1,-1
1436,48,0.0323450135,253,490,False,9,1737
1206,75,0.0585480094,713,1286,False,15,13420
1213,32,0.0257028112,147,483,False,12,60617
203,9,0.0424528302,49,99,False,9,3805
211,89,0.2966666667,137,305,False,14,12370
175,221,0.5580808081,41,25,False,13,4472
535,10,0.0183486239,397,691,False,12,1112
95,12,0.1121495327,2,4,False,4,19
349,20,0.0542005420,86,57,False,12,40082
-1,-1,-1,-1,-1,-1,-1,-1
148,10,0.0632911392,130,117,False,11,7387
-1,-1,-1,-1,-1,-1,-1,-1
591,17,0.0279605263,173,34,False,16,8541
1342,150,0.1005361930,98,382,False,14,2070
49,3,0.0576923077,199,272,False,8,13666
-1,-1,-1,-1,-1,-1,-1,-1
233,5,0.0210084034,81,100,False,14,32609
2505,297,0.1059957173,7406,12640,False,7,2752
-1,-1,-1,-1,-1,-1,-1,-1
422,12,0.0276497696,327,0,False,0,0
4989,1353,0.2133396405,4686,6865,False,7,1555
0,90,1.0000000000,879,2323,False,12,11227
318,234,0.4239130435,45,130,False,17,544
313,10,0.0309597523,163,371,False,12,7478
755,1558,0.6735840899,393,486,False,14,8616
987,3367388,0.9997069804,1,118,False,2,426817
6,4696,0.9987239473,3,10,False,8,3473
13,3285,0.9960582171,32,66,False,12,38328
51,3615,0.9860883797,116,158,False,17,53
4609,6373,0.5803132398,518,695,False,11,7717
146,7356,0.9805385231,3783,7764,False,13,4280
83,5157,0.9841603053,19,10,False,10,266
4947,5644,0.5329052970,716,372,False,6,4687
8,2257,0.9964679912,46,48,False,20,1
460,2772,0.8576732673,278,873,False,11,3242
2,3901,0.9994875737,2,80,False,20,0
175,2343,0.9305003971,114,123,False,15,27
225,7278,0.9700119952,2167,138,False,18,3
33,1552,0.9791798107,18,287,False,20,1
4062,5651,0.5817975909,380,712,False,10,6189
234,2118,0.9005102041,210,88,False,6,36762
483,1546,0.7619517003,300,692,False,20,53
265,5318,0.9525344797,293,356,False,6,30340
127,5592,0.9777933205,1768,1969,False,11,16434
341,2906,0.8949799815,101,131,False,11,21242
50,1247,0.9614494988,25,9,False,3,682
80,26,0.2452830189,212,355,False,12,206
172,16355,0.9895927876,141,7025,False,12,0
323,5522,0.9447390932,53,127,False,19,5488
8301,10166,0.5504954784,7287,2160,False,9,6136
96,641,0.8697421981,4,4,False,2,1
99,424,0.8107074570,748,1156,False,10,96116
33,12829,0.9974343026,1123,4070,False,19,84
217,2791,0.9278590426,166,176,False,20,4
430,2882,0.8701690821,778,1240,False,5,4868
600,3035,0.8349381018,38,533,False,20,5
4965,5094,0.5064121682,1858,2969,False,12,14595
477,79,0.1420863309,21,4,False,3,24
3054,1801,0.3709577755,463,643,False,13,28276
222,2664,0.9230769231,336,616,False,15,7794
116,12100,0.9905042567,1401,3519,False,16,11353
972,2503,0.7202877698,31,157,False,18,21
492,1147,0.6998169616,5,4,False,1,408
-1,-1,-1,-1,-1,-1,-1,-1
72,1447,0.9526003950,0,249,False,15,5300
674,2742,0.8026932084,914,1015,False,18,11
1236,1335,0.5192532089,212,435,False,18,9
4,712,0.9944134078,1,20,False,18,2
74,150,0.6696428571,65,71,False,20,43
1851,13147,0.8765835445,295,2988,False,20,29
-1,-1,-1,-1,-1,-1,-1,-1
180,1103,0.8597038192,453,376,False,9,293
7,2076,0.9966394623,614,1377,False,20,1763
130,126707,0.9989750625,1088,4247,False,10,20134
302,348,0.5353846154,23,211,False,13,3424
165,644,0.7960444994,233,1682,False,15,597
460,2654,0.8522800257,802,399,False,9,3543
247,5500,0.9570210545,230,263,False,9,6916
598798,1743144,0.7443156150,6842,3614,False,10,264
-1,-1,-1,-1,-1,-1,-1,-1
1716,3822,0.6901408451,306,2058,False,3,52801
71,146097,0.9995142576,409,610,False,15,153058
3,7566,0.9996036465,5,67,False,19,5047
4976,5316,0.5165176836,7252,8834,False,13,4527
485,2253,0.8228634039,788,5446,False,20,20
194,11823,0.9838562037,317,340,False,7,22112
823,12485,0.9381574992,3024,3399,False,17,8527
1,3443,0.9997096400,0,1,False,0,0
222,212,0.4884792627,19,126,False,11,2662
22,1460,0.9851551957,0,2,False,0,0
215,7538,0.9722687992,974,1084,False,10,24745
4407,37562,0.8949939241,9262,8010,False,18,187
42,546,0.9285714286,30,162,False,20,290
8,121885,0.9999343687,1,2436,True,19,92
22,2585,0.9915611814,2728,1467,False,11,14951
87,6748,0.9872713972,1914,2080,False,11,8986
1802,9963,0.8468338292,1332,1896,False,11,18595
2498,70422,0.9657432803,290428,271848,False,1,501
686,5434,0.8879084967,624,423,False,12,24557
2,10969,0.9998177012,0,320,False,20,3
5492,5187,0.4857196367,395,530,False,0,18316
17,20903,0.9991873805,355,20231,False,13,1028
34,17259,0.9980338865,1162,2630,False,6,13329
2522,5026,0.6658717541,2078,2327,False,7,12582
240,14478,0.9836934366,2,9683,False,20,3
8928,18479,0.6742438063,5155,22761,False,13,11604
5480,7010,0.5612489992,6640,539,False,11,5726
319,877,0.7332775920,550,569,False,17,9450
4964,4283,0.4631772467,603,370,False,10,6517
72,33,0.3142857143,0,15,False,15,0
0,145,1.0000000000,0,3,False,3,0
138,2011,0.9357840856,107,415,False,8,1591
584,8976,0.9389121339,449,440,False,9,22559
1902,4567,0.7059823775,193,1949,False,14,27611
-1,-1,-1,-1,-1,-1,-1,-1
9937,11046,0.5264261545,8265,2815,False,20,120
6,3019,0.9980165289,2,39,False,9,0
284,33049,0.9914799148,143,16963,False,20,5
330,450,0.5769230769,64,54,False,13,40582
2606,3350,0.5624580255,198,302,False,13,10934
486,4825,0.9084918095,254,1091,False,14,11
4,20801,0.9998077385,26,36,False,20,21
38,5075,0.9925679640,3,2042,False,20,0
272,2076,0.8841567291,118,181,False,20,0
828,247886,0.9966708750,922,2041,False,15,3196
18,1174,0.9848993289,0,0,False,0,0
609,17330,0.9660516194,4555,5560,False,14,10898
198,4077,0.9536842105,1976,2000,False,9,18033
2,699,0.9971469330,0,64,False,20,0
214,86003,0.9975178909,1249,7568,False,17,0
-1,-1,-1,-1,-1,-1,-1,-1
112,5171,0.9787999243,137,460,False,18,601
1306,7170,0.8459178858,30057,60395,False,13,104
212,1818,0.8955665025,342,440,False,19,0
944,3750,0.7988922028,1005,1342,False,14,9679
1,1897,0.9994731296,0,0,False,0,0
585,8452,0.9352661281,36,30,False,14,11775
5,946,0.9947423764,65,151,False,18,76
-1,-1,-1,-1,-1,-1,-1,-1
1787,6632,0.7877420121,694,2866,False,7,1079
-1,-1,-1,-1,-1,-1,-1,-1
1508,47,0.0302250804,201,31,False,12,57991
-1,-1,-1,-1,-1,-1,-1,-1
-1,-1,-1,-1,-1,-1,-1,-1
278,7,0.0245614035,12,68,False,10,59456
1299,52,0.0384900074,216,450,False,9,2974
1509,54,0.0345489443,481,505,False,14,3979
757,28,0.0356687898,61,68,False,12,6236
711,29,0.0391891892,180,365,False,8,8740
-1,-1,-1,-1,-1,-1,-1,-1
1434,48,0.0323886640,253,490,False,9,1738
1220,75,0.0579150579,733,1311,False,8,8379
1213,32,0.0257028112,147,483,False,12,60705
202,9,0.0426540284,49,99,False,9,3807
211,89,0.2966666667,137,305,False,14,12380
175,221,0.5580808081,41,25,False,13,4475
535,10,0.0183486239,397,691,False,12,1112
95,12,0.1121495327,2,4,False,4,19
349,20,0.0542005420,86,57,False,12,40093
-1,-1,-1,-1,-1,-1,-1,-1
148,10,0.0632911392,130,117,False,11,7397
-1,-1,-1,-1,-1,-1,-1,-1
589,17,0.0280528053,173,34,False,16,8648
1342,150,0.1005361930,98,382,False,14,2068
49,3,0.0576923077,199,272,False,8,13712
-1,-1,-1,-1,-1,-1,-1,-1
233,5,0.0210084034,81,100,False,14,32608
2504,297,0.1060335594,7408,12648,False,8,2734
-1,-1,-1,-1,-1,-1,-1,-1
420,12,0.0277777778,327,0,False,0,0
4990,1352,0.2131819615,4685,6865,False,7,1894
0,89,1.0000000000,879,2323,False,12,11265
318,234,0.4239130435,45,130,False,17,544
313,10,0.0309597523,163,371,False,12,7675
755,1558,0.6735840899,393,486,False,14,8617
987,3367378,0.9997069795,1,118,False,2,426818
6,4804,0.9987525988,3,10,False,8,3514
13,3284,0.9960570215,32,66,False,12,38342
51,3616,0.9860921734,116,160,False,16,60
4609,6384,0.5807331939,518,695,False,11,7732
146,7375,0.9805876878,3791,7772,False,11,4595
83,5155,0.9841542574,19,10,False,10,266
4947,5664,0.5337856941,716,372,False,6,4689
8,2256,0.9964664311,46,48,False,20,1
460,2770,0.8575851393,278,898,False,12,3192
2,3900,0.9994874423,2,80,False,20,0
175,2208,0.9265631557,114,123,False,15,27
225,7313,0.9701512337,2167,138,False,18,3
33,1551,0.9791666667,18,287,False,20,1
4062,5649,0.5817114612,380,712,False,10,6227
234,2141,0.9014736842,210,88,False,6,37737
482,1552,0.7630285152,300,692,False,20,51
265,5320,0.9525514772,293,356,False,6,30392
127,5612,0.9778707092,1768,1969,False,11,16639
341,2904,0.8949152542,101,131,False,11,21281
50,1247,0.9614494988,25,9,False,3,682
80,26,0.2452830189,212,355,False,12,206
172,16369,0.9896015960,141,7027,False,12,1
323,5521,0.9447296372,53,127,False,19,5489
8301,10180,0.5508359937,7287,2160,False,9,6282
95,641,0.8709239130,4,4,False,2,1
99,424,0.8107074570,748,1156,False,10,99889
33,12832,0.9974349009,1123,4071,False,19,81
217,2811,0.9283355350,166,176,False,20,4
431,2882,0.8699064292,778,1240,False,5,4981
600,3045,0.8353909465,38,533,False,20,5
4965,5122,0.5077822940,1866,2989,False,6,9166
477,79,0.1420863309,21,4,False,3,24
3054,1804,0.3713462330,473,653,False,13,22278
222,2662,0.9230235784,336,616,False,15,8067
116,12108,0.9905104712,1401,3519,False,16,11366
972,2500,0.7200460829,31,157,False,18,21
492,1147,0.6998169616,5,4,False,1,408
-1,-1,-1,-1,-1,-1,-1,-1
72,1473,0.9533980583,0,249,False,15,5300
674,2751,0.8032116788,914,1015,False,18,11
1237,1386,0.5284025925,212,436,False,18,9
4,765,0.9947984395,1,20,False,18,2
74,146,0.6636363636,65,72,False,20,41
